3 0 6 5 0 8 4 0 0
5 2 0 0 0 0 0 0 0
0 8 7 0 0 0 0 3 1
0 0 3 0 1 0 0 8 0
9 0 0 8 6 3 0 0 5
0 5 0 0 9 0 6 0 0
1 3 0 0 0 0 2 5 0
0 0 0 0 0 0 0 7 4
0 0 5 2 0 6 3 0 0

0 2 0 0 0 0 0 0 0
0 0 0 6 0 0 0 0 3
0 7 4 0 8 0 0 0 0
0 0 0 0 0 3 0 0 2
0 8 0 0 4 0 0 1 0
6 0 0 5 0 0 0 0 0
0 0 0 0 1 0 7 8 0
5 0 0 0 0 9 0 0 0
0 0 0 0 0 0 0 4 0

2 0 0 3 0 0 0 0 0
8 0 4 0 6 2 0 0 3
0 1 3 8 0 0 2 0 0
0 0 0 0 2 0 3 9 0
5 0 7 0 0 0 6 2 1
0 3 2 0 0 6 0 0 0
0 2 0 0 0 9 1 4 0
6 0 1 2 5 0 8 0 9
0 0 0 0 0 1 0 0 2

0 0 0 6 0 0 4 0 0 
7 0 0 0 0 3 6 0 0
0 0 0 0 9 1 0 8 0
0 0 0 0 0 0 0 0 0
0 5 0 1 8 0 0 0 3
0 0 0 3 0 6 0 4 5
0 4 0 2 0 0 0 6 0
9 0 3 0 0 0 0 0 0
0 2 0 0 0 0 1 0 0
